3 4
hypothesis model
0.205090 0.115876 0.679034 
0.416415 0.195465 0.388121 
0.418549 0.477893 0.103558 
0.242699 0.556194 0.201107 
0.273562 0.235749 0.310550 0.180138 
0.170139 0.315565 0.303623 0.210672 
0.483951 0.095537 0.409514 0.010998 
---
3 4
hypothesis model
0.169516 0.388477 0.442008 
0.227925 0.583265 0.188810 
0.082059 0.753342 0.164599 
0.261076 0.427098 0.311826 
0.151698 0.326706 0.268665 0.252931 
0.379487 0.114113 0.300913 0.205487 
0.328323 0.170674 0.380185 0.120817 
---
3 4
hypothesis model
0.539091 0.429196 0.031713 
0.045147 0.614420 0.340433 
0.091403 0.204158 0.704439 
0.683062 0.267700 0.049238 
0.025700 0.587475 0.080985 0.305840 
0.324580 0.301699 0.284548 0.089173 
0.246719 0.171503 0.347502 0.234275 
---
3 4
hypothesis model
0.386407 0.197803 0.415789 
0.190254 0.405096 0.404650 
0.413442 0.163033 0.423525 
0.380512 0.210507 0.408981 
0.071684 0.190081 0.380104 0.358131 
0.183211 0.126990 0.495482 0.194317 
0.237678 0.331063 0.203746 0.227513 
---
3 4
hypothesis model
0.278986 0.113608 0.607406 
0.209988 0.429407 0.360604 
0.566072 0.299816 0.134112 
0.470879 0.455951 0.073170 
0.342334 0.249090 0.167834 0.240742 
0.154297 0.431501 0.168789 0.245413 
0.181420 0.150470 0.221641 0.446470 
---
3 4
hypothesis model
0.623347 0.034464 0.342189 
0.142366 0.173971 0.683663 
0.283735 0.367413 0.348852 
0.376606 0.210844 0.412550 
0.249169 0.198814 0.156979 0.395038 
0.194840 0.121482 0.583652 0.100026 
0.446479 0.092339 0.419245 0.041937 
---
3 4
hypothesis model
0.167516 0.729620 0.102864 
0.145140 0.197733 0.657126 
0.310892 0.278604 0.410505 
0.428398 0.508976 0.062626 
0.167946 0.647631 0.097394 0.087029 
0.099392 0.224092 0.398081 0.278436 
0.384457 0.026428 0.080296 0.508820 
---
3 4
hypothesis model
0.405519 0.235805 0.358676 
0.519039 0.028120 0.452841 
0.072361 0.004163 0.923476 
0.633555 0.192418 0.174026 
0.157717 0.367636 0.330055 0.144592 
0.243184 0.255044 0.199208 0.302563 
0.058888 0.313709 0.447563 0.179840 
---
3 4
hypothesis model
0.183806 0.562014 0.254180 
0.529557 0.445359 0.025083 
0.298355 0.332442 0.369203 
0.325393 0.309656 0.364951 
0.225558 0.273942 0.298271 0.202229 
0.208916 0.068889 0.348717 0.373479 
0.047995 0.404997 0.154619 0.392389 
---
3 4
hypothesis model
0.359315 0.500261 0.140424 
0.518277 0.364818 0.116906 
0.419848 0.148327 0.431825 
0.289801 0.551282 0.158917 
0.295171 0.388765 0.061228 0.254837 
0.254952 0.406311 0.194016 0.144722 
0.519933 0.266512 0.001982 0.211573 
---
3 4
hypothesis model
0.429273 0.409447 0.161280 
0.411785 0.294417 0.293798 
0.254215 0.593605 0.152181 
0.577542 0.037954 0.384504 
0.295575 0.286212 0.270797 0.147416 
0.085806 0.283092 0.291482 0.339619 
0.149810 0.337801 0.092253 0.420137 
---
3 4
hypothesis model
0.188628 0.414265 0.397107 
0.604647 0.099529 0.295824 
0.529422 0.414014 0.056564 
0.106021 0.344524 0.549456 
0.255220 0.286776 0.124242 0.333762 
0.160914 0.183938 0.105880 0.549268 
0.002650 0.612587 0.245422 0.139341 
---
3 4
hypothesis model
0.272797 0.256876 0.470327 
0.482541 0.441032 0.076427 
0.371923 0.208164 0.419913 
0.346552 0.336711 0.316737 
0.110472 0.430742 0.297439 0.161347 
0.283972 0.285450 0.274258 0.156320 
0.306906 0.086690 0.145896 0.460508 
---
3 4
hypothesis model
0.496083 0.300802 0.203115 
0.512664 0.300845 0.186491 
0.441181 0.469149 0.089669 
0.311899 0.254657 0.433443 
0.446256 0.109805 0.136767 0.307172 
0.128351 0.146323 0.381523 0.343803 
0.282452 0.275357 0.188554 0.253638 
---
3 4
hypothesis model
0.463036 0.383145 0.153819 
0.237255 0.396399 0.366346 
0.536392 0.313312 0.150296 
0.096409 0.578559 0.325032 
0.253283 0.291167 0.080086 0.375464 
0.382633 0.238946 0.108694 0.269727 
0.332725 0.212895 0.068692 0.385687 
---
3 4
hypothesis model
0.209521 0.460217 0.330261 
0.307416 0.234989 0.457595 
0.408807 0.253260 0.337933 
0.309989 0.271438 0.418574 
0.189740 0.503493 0.076332 0.230435 
0.002913 0.421855 0.417064 0.158167 
0.065511 0.494487 0.411916 0.028087 
---
3 4
hypothesis model
0.232755 0.195691 0.571554 
0.136057 0.305746 0.558197 
0.162949 0.172734 0.664318 
0.170683 0.371679 0.457639 
0.189677 0.074182 0.076939 0.659202 
0.383791 0.340151 0.217515 0.058542 
0.257122 0.252325 0.231073 0.259481 
---
3 4
hypothesis model
0.033886 0.240164 0.725950 
0.379406 0.135193 0.485401 
0.302003 0.355527 0.342471 
0.206127 0.732041 0.061832 
0.059044 0.551826 0.101347 0.287783 
0.132620 0.486254 0.171047 0.210079 
0.325700 0.127662 0.302200 0.244437 
---
3 4
hypothesis model
0.268191 0.214324 0.517485 
0.353607 0.472315 0.174078 
0.214266 0.191979 0.593755 
0.070045 0.430617 0.499338 
0.439592 0.122415 0.245126 0.192867 
0.274065 0.145868 0.243590 0.336478 
0.140032 0.502661 0.013195 0.344112 
---
3 4
hypothesis model
0.042053 0.081261 0.876686 
0.178092 0.444235 0.377673 
0.380726 0.284010 0.335264 
0.421485 0.188411 0.390103 
0.003000 0.266304 0.421676 0.309019 
0.334027 0.269488 0.208261 0.188223 
0.305712 0.341022 0.288253 0.065013 
---
3 4
hypothesis model
0.381524 0.510561 0.107916 
0.124507 0.410756 0.464737 
0.988107 0.001958 0.009935 
0.249750 0.214020 0.536230 
0.418849 0.088483 0.166725 0.325944 
0.321916 0.239257 0.114713 0.324115 
0.111148 0.093768 0.300426 0.494657 
---
3 4
hypothesis model
0.296617 0.321093 0.382290 
0.200314 0.358498 0.441187 
0.246704 0.333038 0.420257 
0.136236 0.541497 0.322267 
0.319716 0.169345 0.189267 0.321672 
0.279061 0.284119 0.207468 0.229351 
0.317987 0.298994 0.103687 0.279332 
---
3 4
hypothesis model
0.460891 0.100803 0.438306 
0.423007 0.433639 0.143354 
0.486657 0.378907 0.134435 
0.313977 0.341446 0.344578 
0.290673 0.180456 0.267734 0.261136 
0.337742 0.281742 0.077604 0.302911 
0.015813 0.336227 0.248557 0.399403 
---
3 4
hypothesis model
0.574490 0.214109 0.211402 
0.371649 0.035319 0.593032 
0.260885 0.432474 0.306641 
0.179062 0.513719 0.307219 
0.237107 0.010176 0.418292 0.334426 
0.350448 0.251185 0.192584 0.205783 
0.562585 0.033197 0.041981 0.362237 
---
3 4
hypothesis model
0.397367 0.469087 0.133546 
0.275012 0.402982 0.322006 
0.264185 0.250321 0.485494 
0.340156 0.338817 0.321027 
0.413159 0.179680 0.289121 0.118040 
0.171913 0.341925 0.167816 0.318345 
0.404836 0.076912 0.191704 0.326548 
---
3 4
hypothesis model
0.490382 0.048402 0.461216 
0.370261 0.468411 0.161328 
0.265140 0.369518 0.365343 
0.481868 0.147951 0.370181 
0.168179 0.305380 0.428042 0.098399 
0.310203 0.442607 0.056143 0.191047 
0.094101 0.305717 0.280263 0.319919 
---
3 4
hypothesis model
0.499614 0.317960 0.182426 
0.683045 0.294037 0.022918 
0.269340 0.007107 0.723553 
0.266199 0.341116 0.392685 
0.457030 0.084751 0.219379 0.238840 
0.311214 0.250076 0.377919 0.060791 
0.120009 0.361477 0.149977 0.368536 
---
3 4
hypothesis model
0.128375 0.781816 0.089808 
0.489310 0.063229 0.447461 
0.274971 0.317096 0.407933 
0.290547 0.445583 0.263869 
0.179307 0.553109 0.155687 0.111898 
0.168661 0.701859 0.010278 0.119203 
0.055923 0.215253 0.302267 0.426556 
---
3 4
hypothesis model
0.622819 0.328866 0.048314 
0.296772 0.374167 0.329060 
0.202242 0.168365 0.629393 
0.715224 0.240919 0.043856 
0.183333 0.345531 0.319838 0.151297 
0.567631 0.020287 0.297787 0.114296 
0.256654 0.271389 0.127055 0.344902 
---
3 4
hypothesis model
0.560319 0.284059 0.155622 
0.337941 0.354086 0.307973 
0.359086 0.476126 0.164788 
0.404606 0.160198 0.435196 
0.202192 0.632158 0.057150 0.108499 
0.139588 0.216691 0.120856 0.522865 
0.029784 0.456385 0.485089 0.028742 
---
3 4
hypothesis model
0.475238 0.326586 0.198176 
0.437926 0.125957 0.436116 
0.214770 0.367700 0.417529 
0.286438 0.316755 0.396806 
0.135589 0.159028 0.381409 0.323974 
0.011090 0.620421 0.231477 0.137012 
0.273529 0.209865 0.160763 0.355843 
---
3 4
hypothesis model
0.326309 0.380987 0.292704 
0.562278 0.266185 0.171537 
0.446358 0.151751 0.401891 
0.009440 0.493154 0.497406 
0.283776 0.151853 0.315517 0.248853 
0.593973 0.175257 0.179472 0.051297 
0.201985 0.349407 0.240085 0.208523 
---
3 4
hypothesis model
0.481957 0.434794 0.083250 
0.459951 0.481324 0.058725 
0.046229 0.009834 0.943937 
0.160812 0.388879 0.450310 
0.407846 0.375744 0.062902 0.153509 
0.315114 0.601616 0.028273 0.054997 
0.147477 0.428446 0.368148 0.055928 
---
3 4
hypothesis model
0.050275 0.510180 0.439545 
0.236703 0.376620 0.386677 
0.005280 0.437662 0.557059 
0.421924 0.523385 0.054691 
0.373210 0.448451 0.048085 0.130255 
0.126569 0.428246 0.050265 0.394921 
0.128991 0.080639 0.436331 0.354039 
---
3 4
hypothesis model
0.180792 0.056665 0.762544 
0.229142 0.464579 0.306279 
0.307558 0.463059 0.229383 
0.739765 0.160122 0.100113 
0.293182 0.106226 0.511815 0.088777 
0.375987 0.248663 0.090023 0.285326 
0.207190 0.122360 0.369506 0.300944 
---
3 4
hypothesis model
0.100140 0.354752 0.545108 
0.375453 0.198930 0.425617 
0.177530 0.341674 0.480796 
0.006955 0.831521 0.161524 
0.218693 0.039854 0.369381 0.372071 
0.271183 0.360518 0.343475 0.024824 
0.028097 0.313874 0.105483 0.552546 
---
3 4
hypothesis model
0.366181 0.294513 0.339306 
0.339912 0.372886 0.287203 
0.225057 0.455204 0.319739 
0.476865 0.114734 0.408401 
0.225213 0.229840 0.058675 0.486272 
0.132733 0.256088 0.320139 0.291041 
0.308264 0.264875 0.235502 0.191358 
---
3 4
hypothesis model
0.565093 0.132422 0.302485 
0.461029 0.020227 0.518744 
0.679439 0.157481 0.163079 
0.107779 0.427715 0.464506 
0.387203 0.096905 0.351077 0.164815 
0.066989 0.563719 0.064868 0.304423 
0.190982 0.141105 0.203286 0.464626 
---
3 4
hypothesis model
0.242760 0.251564 0.505676 
0.419220 0.504246 0.076534 
0.196384 0.373973 0.429643 
0.490611 0.130795 0.378595 
0.206468 0.273129 0.266713 0.253690 
0.014225 0.295173 0.308759 0.381843 
0.384241 0.141053 0.038082 0.436624 
---
3 4
hypothesis model
0.477132 0.295838 0.227029 
0.301538 0.257753 0.440709 
0.077699 0.251352 0.670948 
0.400379 0.068646 0.530975 
0.392620 0.208834 0.192087 0.206459 
0.147799 0.325608 0.037052 0.489542 
0.176485 0.359843 0.275569 0.188103 
---
3 4
hypothesis model
0.443071 0.064577 0.492352 
0.218932 0.513115 0.267953 
0.093001 0.552818 0.354181 
0.316068 0.125217 0.558715 
0.217257 0.477505 0.300632 0.004606 
0.340090 0.109019 0.305296 0.245595 
0.368176 0.093935 0.023953 0.513936 
---
3 4
hypothesis model
0.012535 0.576381 0.411085 
0.119280 0.572177 0.308543 
0.340372 0.237394 0.422235 
0.444053 0.354271 0.201676 
0.104037 0.450569 0.083185 0.362208 
0.194997 0.209053 0.320637 0.275313 
0.271496 0.304024 0.195054 0.229426 
---
3 4
hypothesis model
0.598852 0.294250 0.106898 
0.504700 0.323256 0.172045 
0.534631 0.179405 0.285964 
0.400497 0.332023 0.267480 
0.027530 0.051452 0.441510 0.479508 
0.500245 0.264288 0.144135 0.091332 
0.153845 0.187995 0.365628 0.292532 
---
3 4
hypothesis model
0.509413 0.223385 0.267202 
0.377365 0.091467 0.531168 
0.497269 0.056132 0.446599 
0.124949 0.629436 0.245615 
0.185879 0.214067 0.250075 0.349979 
0.476017 0.470477 0.043442 0.010064 
0.028078 0.475022 0.475888 0.021012 
---
3 4
hypothesis model
0.440272 0.096427 0.463301 
0.527787 0.422283 0.049930 
0.346879 0.307409 0.345712 
0.300810 0.417623 0.281567 
0.115605 0.459160 0.384465 0.040771 
0.441444 0.217919 0.176343 0.164294 
0.326404 0.321494 0.036202 0.315899 
---
3 4
hypothesis model
0.301133 0.005961 0.692906 
0.504920 0.048745 0.446335 
0.653473 0.343338 0.003189 
0.170676 0.260382 0.568942 
0.148052 0.423249 0.020632 0.408067 
0.170113 0.423228 0.138394 0.268264 
0.233262 0.330834 0.215577 0.220326 
---
3 4
hypothesis model
0.357627 0.101337 0.541036 
0.261970 0.666521 0.071509 
0.195049 0.590419 0.214532 
0.143492 0.562849 0.293659 
0.004329 0.434615 0.553784 0.007272 
0.478982 0.095489 0.345424 0.080104 
0.336868 0.245975 0.316727 0.100431 
---
3 4
hypothesis model
0.509554 0.013213 0.477233 
0.282762 0.143185 0.574053 
0.460850 0.292204 0.246946 
0.397967 0.422438 0.179595 
0.610891 0.111261 0.119923 0.157924 
0.158484 0.403684 0.276288 0.161544 
0.305680 0.256959 0.188128 0.249233 
---
3 4
hypothesis model
0.450578 0.045736 0.503686 
0.337902 0.378388 0.283709 
0.494100 0.133225 0.372675 
0.366273 0.234945 0.398782 
0.119868 0.220645 0.226643 0.432844 
0.309413 0.414008 0.041779 0.234800 
0.232936 0.118385 0.214876 0.433804 
---
3 4
hypothesis model
0.340117 0.224568 0.435315 
0.414101 0.294841 0.291058 
0.243730 0.221678 0.534592 
0.453837 0.427052 0.119111 
0.241702 0.428432 0.276277 0.053589 
0.158414 0.321737 0.301050 0.218799 
0.220622 0.177826 0.230215 0.371338 
---
3 4
hypothesis model
0.276987 0.494406 0.228608 
0.370749 0.217916 0.411334 
0.286328 0.282278 0.431393 
0.468750 0.228690 0.302559 
0.125787 0.248357 0.288739 0.337118 
0.246119 0.269442 0.045944 0.438496 
0.187054 0.333069 0.025063 0.454814 
---
3 4
hypothesis model
0.409004 0.140643 0.450354 
0.481575 0.085271 0.433155 
0.277670 0.712921 0.009408 
0.451326 0.260649 0.288025 
0.425028 0.068143 0.089873 0.416956 
0.457763 0.275450 0.144144 0.122644 
0.181818 0.029688 0.105351 0.683143 
---
3 4
hypothesis model
0.424260 0.000174 0.575566 
0.383616 0.321813 0.294572 
0.433039 0.182301 0.384661 
0.149832 0.087610 0.762558 
0.353525 0.132738 0.156970 0.356767 
0.061140 0.368508 0.168182 0.402170 
0.311145 0.176675 0.224649 0.287530 
---
3 4
hypothesis model
0.135449 0.783570 0.080981 
0.507442 0.052190 0.440368 
0.030168 0.557531 0.412301 
0.454983 0.374600 0.170417 
0.310022 0.223950 0.408705 0.057323 
0.201462 0.285400 0.372159 0.140979 
0.634003 0.158494 0.125359 0.082144 
---
3 4
hypothesis model
0.319802 0.562180 0.118018 
0.083080 0.143157 0.773763 
0.491051 0.127280 0.381669 
0.095706 0.373802 0.530492 
0.175159 0.255062 0.190809 0.378969 
0.249435 0.028352 0.125763 0.596451 
0.128252 0.268079 0.303645 0.300025 
---
3 4
hypothesis model
0.236265 0.432893 0.330842 
0.228956 0.565927 0.205116 
0.344609 0.027214 0.628177 
0.749097 0.161752 0.089151 
0.383246 0.127546 0.368407 0.120801 
0.094355 0.326563 0.333437 0.245644 
0.221475 0.161401 0.253724 0.363401 
---
3 4
hypothesis model
0.226112 0.586766 0.187122 
0.473949 0.286037 0.240014 
0.380642 0.573355 0.046003 
0.755979 0.237117 0.006904 
0.024549 0.407345 0.026015 0.542091 
0.260916 0.148938 0.032413 0.557733 
0.146542 0.187962 0.385280 0.280216 
---
3 4
hypothesis model
0.406625 0.241732 0.351642 
0.489949 0.001469 0.508582 
0.380535 0.278545 0.340920 
0.073643 0.116540 0.809817 
0.187746 0.282721 0.314216 0.215318 
0.167702 0.419760 0.226217 0.186321 
0.417286 0.337051 0.237436 0.008226 
---
3 4
hypothesis model
0.408762 0.539533 0.051705 
0.024776 0.658651 0.316573 
0.863671 0.084198 0.052130 
0.483109 0.494118 0.022773 
0.409009 0.249644 0.325650 0.015697 
0.147830 0.201223 0.338982 0.311965 
0.126031 0.354754 0.197731 0.321484 
---
3 4
hypothesis model
0.600718 0.161164 0.238118 
0.295894 0.357311 0.346796 
0.267003 0.159307 0.573689 
0.076767 0.259041 0.664191 
0.179050 0.325037 0.303906 0.192007 
0.325448 0.305829 0.279154 0.089569 
0.380196 0.399982 0.080258 0.139563 
---
3 4
hypothesis model
0.272909 0.102069 0.625021 
0.349553 0.380070 0.270377 
0.284246 0.365109 0.350645 
0.335804 0.626867 0.037329 
0.017114 0.246171 0.182755 0.553960 
0.182263 0.215344 0.253662 0.348730 
0.294051 0.327050 0.311203 0.067696 
---
3 4
hypothesis model
0.420037 0.028711 0.551251 
0.091291 0.037894 0.870815 
0.248194 0.355179 0.396627 
0.419047 0.243819 0.337134 
0.118462 0.434471 0.029670 0.417397 
0.210135 0.030765 0.529591 0.229509 
0.246047 0.073215 0.168735 0.512003 
---
3 4
hypothesis model
0.173431 0.302886 0.523683 
0.176569 0.444295 0.379136 
0.214339 0.444184 0.341477 
0.321628 0.388715 0.289657 
0.093864 0.131230 0.109570 0.665336 
0.312138 0.196770 0.088463 0.402630 
0.143250 0.143935 0.392990 0.319825 
---
3 4
hypothesis model
0.520580 0.364081 0.115339 
0.450900 0.392247 0.156853 
0.505916 0.284951 0.209133 
0.331582 0.285680 0.382738 
0.161989 0.009109 0.353469 0.475432 
0.300932 0.170618 0.179250 0.349200 
0.293017 0.289932 0.270946 0.146105 
---
3 4
hypothesis model
0.239689 0.103001 0.657309 
0.110924 0.445448 0.443628 
0.525177 0.164223 0.310600 
0.769882 0.051820 0.178298 
0.025751 0.445664 0.329946 0.198639 
0.296602 0.142207 0.133226 0.427965 
0.109790 0.308147 0.251714 0.330349 
---
3 4
hypothesis model
0.557205 0.089467 0.353328 
0.495242 0.397196 0.107562 
0.008181 0.404021 0.587798 
0.123894 0.445346 0.430760 
0.110895 0.424127 0.030988 0.433990 
0.228605 0.054602 0.461221 0.255573 
0.334932 0.163461 0.297846 0.203761 
---
3 4
hypothesis model
0.276969 0.378232 0.344799 
0.262112 0.048036 0.689852 
0.059505 0.428297 0.512198 
0.433588 0.017110 0.549301 
0.409843 0.018556 0.232833 0.338768 
0.171286 0.209127 0.340979 0.278608 
0.479039 0.286816 0.045195 0.188950 
---
3 4
hypothesis model
0.485494 0.088839 0.425667 
0.367509 0.228587 0.403904 
0.170417 0.130035 0.699549 
0.392713 0.133187 0.474099 
0.608988 0.182859 0.061640 0.146513 
0.002757 0.101847 0.124674 0.770722 
0.084602 0.347379 0.342058 0.225962 
---
3 4
hypothesis model
0.408324 0.111227 0.480449 
0.357130 0.284929 0.357941 
0.202032 0.265038 0.532929 
0.352346 0.118867 0.528788 
0.391052 0.116381 0.189364 0.303203 
0.322564 0.223191 0.168589 0.285656 
0.372450 0.235752 0.018035 0.373763 
---
3 4
hypothesis model
0.203205 0.202223 0.594571 
0.394650 0.389390 0.215961 
0.162265 0.470229 0.367505 
0.111647 0.583377 0.304976 
0.050761 0.057473 0.412561 0.479205 
0.183478 0.562063 0.156303 0.098156 
0.093404 0.380001 0.469061 0.057534 
---
3 4
hypothesis model
0.375678 0.334205 0.290117 
0.111297 0.425656 0.463047 
0.168081 0.650780 0.181140 
0.675450 0.314935 0.009615 
0.209580 0.348090 0.396607 0.045722 
0.294846 0.208215 0.167634 0.329304 
0.351262 0.166825 0.460801 0.021112 
---
3 4
hypothesis model
0.055706 0.385539 0.558755 
0.314129 0.663404 0.022467 
0.481695 0.202524 0.315781 
0.396584 0.393487 0.209929 
0.175221 0.245504 0.337413 0.241863 
0.383203 0.192491 0.401483 0.022823 
0.024265 0.295588 0.084798 0.595348 
---
3 4
hypothesis model
0.395349 0.155122 0.449530 
0.306240 0.362526 0.331235 
0.687129 0.201042 0.111829 
0.108500 0.832487 0.059013 
0.111694 0.201850 0.252167 0.434289 
0.303745 0.326399 0.318692 0.051164 
0.134022 0.217484 0.282554 0.365940 
---
3 4
hypothesis model
0.550704 0.001708 0.447588 
0.498619 0.447719 0.053661 
0.334475 0.363828 0.301697 
0.337437 0.330566 0.331997 
0.213729 0.201028 0.324288 0.260956 
0.230605 0.222177 0.277194 0.270024 
0.477015 0.062355 0.155195 0.305434 
---
3 4
hypothesis model
0.418642 0.189575 0.391783 
0.162198 0.484696 0.353106 
0.090445 0.320622 0.588933 
0.084907 0.320072 0.595021 
0.107169 0.062912 0.261433 0.568486 
0.397635 0.068137 0.300429 0.233799 
0.354379 0.293124 0.136723 0.215774 
---
3 4
hypothesis model
0.607313 0.165900 0.226788 
0.193820 0.247271 0.558910 
0.532050 0.069316 0.398634 
0.523386 0.325275 0.151339 
0.360520 0.166545 0.222708 0.250226 
0.229489 0.395811 0.062628 0.312072 
0.330686 0.196560 0.198497 0.274257 
---
3 4
hypothesis model
0.456521 0.080185 0.463293 
0.247337 0.449431 0.303232 
0.529450 0.070247 0.400303 
0.134261 0.219629 0.646109 
0.611941 0.074281 0.035135 0.278644 
0.310002 0.184870 0.271299 0.233830 
0.752247 0.019134 0.018066 0.210553 
---
3 4
hypothesis model
0.185857 0.305738 0.508405 
0.408593 0.374580 0.216827 
0.347363 0.257316 0.395321 
0.385230 0.413358 0.201412 
0.202665 0.461163 0.326596 0.009576 
0.271718 0.245018 0.277274 0.205990 
0.625656 0.002298 0.042766 0.329280 
---
3 4
hypothesis model
0.437636 0.373020 0.189343 
0.040582 0.363499 0.595918 
0.356484 0.539683 0.103832 
0.111700 0.153688 0.734612 
0.354649 0.464882 0.106196 0.074273 
0.166357 0.360440 0.187641 0.285562 
0.326279 0.018395 0.355841 0.299485 
---
3 4
hypothesis model
0.180868 0.761968 0.057164 
0.406913 0.373050 0.220037 
0.229467 0.066914 0.703619 
0.248013 0.164373 0.587614 
0.093557 0.234733 0.535197 0.136513 
0.718226 0.175073 0.025035 0.081666 
0.569905 0.122250 0.119546 0.188299 
---
3 4
hypothesis model
0.058056 0.382349 0.559595 
0.362123 0.293908 0.343969 
0.316763 0.343726 0.339511 
0.539022 0.252198 0.208780 
0.196883 0.379154 0.227994 0.195969 
0.005336 0.350323 0.543352 0.100989 
0.023788 0.467522 0.213394 0.295297 
---
3 4
hypothesis model
0.083548 0.724827 0.191625 
0.378799 0.266942 0.354259 
0.103039 0.544007 0.352954 
0.179689 0.609722 0.210589 
0.027495 0.135643 0.471787 0.365075 
0.175952 0.264817 0.022839 0.536392 
0.039841 0.301473 0.613005 0.045682 
---
3 4
hypothesis model
0.085644 0.724672 0.189684 
0.091258 0.515918 0.392824 
0.407871 0.523486 0.068644 
0.201826 0.422933 0.375241 
0.090610 0.399821 0.213710 0.295859 
0.118051 0.128868 0.604090 0.148992 
0.160441 0.290429 0.319062 0.230068 
---
3 4
hypothesis model
0.427766 0.407109 0.165124 
0.212130 0.500690 0.287180 
0.257793 0.541402 0.200805 
0.395999 0.535944 0.068057 
0.188173 0.443601 0.048962 0.319265 
0.454654 0.487754 0.029100 0.028491 
0.379953 0.251981 0.339540 0.028526 
---
3 4
hypothesis model
0.773490 0.183047 0.043463 
0.237483 0.563622 0.198896 
0.526950 0.401653 0.071397 
0.082837 0.564514 0.352649 
0.340805 0.089318 0.046079 0.523798 
0.217520 0.265578 0.233229 0.283673 
0.080309 0.360365 0.043450 0.515876 
---
3 4
hypothesis model
0.516939 0.349122 0.133939 
0.226850 0.361673 0.411477 
0.325094 0.318313 0.356593 
0.484292 0.438812 0.076895 
0.011963 0.394471 0.506199 0.087367 
0.344625 0.298576 0.306606 0.050194 
0.302483 0.291078 0.268671 0.137768 
---
3 4
hypothesis model
0.376061 0.109546 0.514393 
0.335045 0.553912 0.111043 
0.392853 0.379915 0.227232 
0.915509 0.009228 0.075263 
0.170089 0.209643 0.222922 0.397346 
0.305252 0.265998 0.106531 0.322219 
0.305906 0.305531 0.165332 0.223232 
---
3 4
hypothesis model
0.150196 0.469831 0.379974 
0.192730 0.536998 0.270272 
0.380381 0.188624 0.430995 
0.318735 0.380664 0.300601 
0.472913 0.242083 0.138240 0.146764 
0.080986 0.227900 0.276209 0.414905 
0.340180 0.379747 0.216126 0.063947 
---
3 4
hypothesis model
0.070491 0.494729 0.434780 
0.181897 0.800426 0.017677 
0.721629 0.116924 0.161446 
0.534513 0.408691 0.056795 
0.022097 0.079420 0.300261 0.598222 
0.346535 0.122030 0.197776 0.333659 
0.305232 0.296989 0.053499 0.344280 
---
3 4
hypothesis model
0.345037 0.285076 0.369887 
0.396147 0.178112 0.425740 
0.027332 0.493715 0.478953 
0.387521 0.514655 0.097825 
0.267243 0.251733 0.128059 0.352965 
0.062505 0.405175 0.453647 0.078673 
0.313694 0.071811 0.349645 0.264850 
---
3 4
hypothesis model
0.160253 0.465129 0.374619 
0.256685 0.163703 0.579612 
0.324675 0.416174 0.259150 
0.476028 0.105221 0.418751 
0.541855 0.161763 0.145914 0.150468 
0.330320 0.404800 0.137292 0.127588 
0.270406 0.375833 0.010271 0.343490 
---
3 4
hypothesis model
0.346420 0.311742 0.341838 
0.146329 0.003171 0.850500 
0.348447 0.219788 0.431765 
0.248590 0.622296 0.129114 
0.386321 0.389525 0.165851 0.058304 
0.298360 0.267348 0.334882 0.099410 
0.303705 0.355407 0.152771 0.188117 
---
3 4
hypothesis model
0.016543 0.440697 0.542760 
0.133555 0.207706 0.658740 
0.382276 0.295210 0.322514 
0.216395 0.407564 0.376041 
0.401041 0.180432 0.028614 0.389913 
0.310451 0.370185 0.014291 0.305073 
0.322121 0.172622 0.323080 0.182177 
---
3 4
hypothesis model
0.419729 0.062639 0.517632 
0.608624 0.340858 0.050518 
0.192517 0.151401 0.656082 
0.423907 0.143377 0.432716 
0.286472 0.405829 0.199272 0.108427 
0.217207 0.069433 0.569165 0.144195 
0.295987 0.526732 0.046616 0.130665 
---
3 4
hypothesis model
0.109087 0.253274 0.637639 
0.309218 0.290627 0.400155 
0.086076 0.576294 0.337630 
0.410708 0.183637 0.405655 
0.288482 0.192924 0.321518 0.197075 
0.334979 0.170241 0.355767 0.139013 
0.189294 0.024035 0.358897 0.427774 
---
3 4
hypothesis model
0.431988 0.193242 0.374769 
0.374122 0.120893 0.504985 
0.307935 0.343653 0.348412 
0.415944 0.298140 0.285917 
0.251398 0.287047 0.058040 0.403516 
0.230534 0.255960 0.366416 0.147090 
0.021499 0.301484 0.409083 0.267935 
---
3 4
hypothesis model
0.413990 0.021598 0.564412 
0.172156 0.523943 0.303901 
0.387716 0.307237 0.305047 
0.337270 0.137436 0.525293 
0.240839 0.040699 0.496801 0.221661 
0.350197 0.119265 0.357396 0.173143 
0.355387 0.376206 0.127046 0.141360 
---
3 4
hypothesis model
0.341758 0.330912 0.327331 
0.311089 0.389126 0.299786 
0.052775 0.355911 0.591314 
0.456505 0.366289 0.177206 
0.049306 0.192367 0.436154 0.322173 
0.539500 0.057319 0.259163 0.144018 
0.177865 0.173021 0.648644 0.000470 
---
3 4
hypothesis model
0.150810 0.640484 0.208706 
0.243727 0.270258 0.486015 
0.309839 0.369128 0.321032 
0.321385 0.333730 0.344885 
0.284285 0.156688 0.305795 0.253232 
0.219500 0.411354 0.086605 0.282541 
0.047112 0.028748 0.099417 0.824723 
---
3 4
hypothesis model
0.298475 0.505027 0.196498 
0.164547 0.403907 0.431547 
0.496947 0.222150 0.280903 
0.392474 0.282892 0.324634 
0.319477 0.180809 0.334130 0.165584 
0.236660 0.320364 0.239465 0.203511 
0.182774 0.297952 0.174139 0.345135 
---
