4 5
hypothesis model
0.244165 0.498494 0.227625 0.029715 
0.420774 0.019391 0.205690 0.354145 
0.345919 0.203293 0.172513 0.278276 
0.397241 0.258460 0.315377 0.028921 
0.253412 0.422369 0.079137 0.245081 
0.112474 0.193695 0.220264 0.217493 0.256075 
0.133150 0.344444 0.356399 0.101677 0.064331 
0.526831 0.058845 0.038499 0.285689 0.090136 
0.022883 0.208757 0.249809 0.349299 0.169252 
---
4 5
hypothesis model
0.262792 0.137960 0.347304 0.251944 
0.410872 0.381623 0.037777 0.169728 
0.358673 0.132737 0.477434 0.031156 
0.278775 0.192920 0.254458 0.273847 
0.358567 0.259824 0.294619 0.086990 
0.283915 0.232810 0.110778 0.305229 0.067268 
0.218528 0.000655 0.326738 0.059793 0.394286 
0.127789 0.221131 0.173385 0.241694 0.236001 
0.067589 0.082536 0.203218 0.252907 0.393750 
---
4 5
hypothesis model
0.180025 0.254142 0.344348 0.221484 
0.006201 0.557799 0.433045 0.002955 
0.320154 0.272888 0.173906 0.233052 
0.081770 0.460560 0.213040 0.244630 
0.133065 0.432812 0.085990 0.348134 
0.089357 0.121515 0.276864 0.215253 0.297010 
0.350490 0.224233 0.300528 0.104950 0.019800 
0.194464 0.336909 0.144587 0.134509 0.189531 
0.264441 0.058155 0.046019 0.267063 0.364322 
---
4 5
hypothesis model
0.176190 0.190767 0.392233 0.240811 
0.146940 0.089511 0.562272 0.201277 
0.168241 0.377483 0.217015 0.237260 
0.080361 0.028512 0.516898 0.374229 
0.444579 0.261111 0.217659 0.076651 
0.202662 0.335307 0.016124 0.336772 0.109135 
0.206181 0.131920 0.149601 0.231786 0.280513 
0.332285 0.024129 0.136411 0.284849 0.222326 
0.184077 0.283109 0.149095 0.277874 0.105845 
---
4 5
hypothesis model
0.293423 0.282879 0.226140 0.197558 
0.239063 0.432935 0.135194 0.192808 
0.253831 0.411823 0.319323 0.015023 
0.208799 0.186463 0.301019 0.303719 
0.095147 0.202686 0.236299 0.465868 
0.043619 0.177540 0.457201 0.252312 0.069329 
0.181586 0.029119 0.026105 0.374511 0.388679 
0.164085 0.148738 0.176584 0.137367 0.373225 
0.375363 0.105646 0.093412 0.143931 0.281649 
---
4 5
hypothesis model
0.359068 0.063414 0.004291 0.573226 
0.207171 0.279012 0.246457 0.267360 
0.092987 0.052261 0.651447 0.203304 
0.204498 0.176211 0.343263 0.276028 
0.281994 0.248216 0.202093 0.267698 
0.305026 0.436252 0.053234 0.059447 0.146041 
0.046193 0.059609 0.391250 0.202500 0.300450 
0.160140 0.140070 0.198289 0.030726 0.470775 
0.246155 0.208833 0.151072 0.167285 0.226655 
---
4 5
hypothesis model
0.166700 0.170681 0.494385 0.168234 
0.246799 0.362082 0.273237 0.117882 
0.134976 0.011399 0.416506 0.437120 
0.005265 0.118193 0.235787 0.640755 
0.076767 0.124123 0.541758 0.257353 
0.336766 0.121376 0.359578 0.030517 0.151763 
0.249552 0.386112 0.036525 0.083686 0.244124 
0.222854 0.193126 0.172121 0.224561 0.187338 
0.070325 0.257505 0.119316 0.159817 0.393036 
---
4 5
hypothesis model
0.068264 0.352042 0.202633 0.377061 
0.146243 0.401461 0.253062 0.199234 
0.080414 0.215212 0.363172 0.341201 
0.320628 0.261948 0.378312 0.039112 
0.151869 0.484821 0.099355 0.263956 
0.388886 0.100288 0.231544 0.206125 0.073157 
0.054274 0.182527 0.274576 0.161916 0.326708 
0.201873 0.247312 0.041350 0.156953 0.352511 
0.151774 0.138693 0.197215 0.308134 0.204184 
---
4 5
hypothesis model
0.009572 0.417147 0.340349 0.232932 
0.287844 0.238046 0.034986 0.439123 
0.200034 0.132093 0.181367 0.486506 
0.217915 0.372344 0.134809 0.274932 
0.422401 0.361239 0.099341 0.117019 
0.170272 0.250048 0.303340 0.208495 0.067846 
0.398083 0.050103 0.278377 0.235166 0.038271 
0.082553 0.205467 0.283643 0.231263 0.197074 
0.208507 0.102499 0.287437 0.150741 0.250817 
---
4 5
hypothesis model
0.201667 0.304558 0.333686 0.160089 
0.176655 0.345420 0.371556 0.106369 
0.446089 0.096396 0.387818 0.069697 
0.416749 0.197900 0.341098 0.044253 
0.122132 0.299280 0.262761 0.315828 
0.279138 0.008634 0.182716 0.277593 0.251919 
0.165081 0.261523 0.060711 0.032502 0.480184 
0.327447 0.032391 0.265625 0.163957 0.210580 
0.036030 0.131968 0.224346 0.176145 0.431512 
---
4 5
hypothesis model
0.092034 0.341956 0.356240 0.209770 
0.124479 0.315830 0.263987 0.295704 
0.291324 0.164709 0.295100 0.248868 
0.346844 0.106136 0.386642 0.160379 
0.206260 0.425584 0.130738 0.237418 
0.350400 0.010651 0.270946 0.158505 0.209497 
0.010775 0.169738 0.296476 0.202634 0.320376 
0.168331 0.352270 0.190428 0.135838 0.153133 
0.297983 0.007093 0.363746 0.144524 0.186654 
---
4 5
hypothesis model
0.259126 0.380403 0.131345 0.229126 
0.433621 0.105654 0.303101 0.157624 
0.016456 0.369847 0.322133 0.291564 
0.572171 0.198594 0.018794 0.210441 
0.224071 0.261510 0.001737 0.512681 
0.040634 0.164377 0.273173 0.225540 0.296276 
0.089388 0.172999 0.341307 0.075397 0.320909 
0.138047 0.156221 0.253942 0.101905 0.349885 
0.194959 0.153207 0.187505 0.298924 0.165406 
---
4 5
hypothesis model
0.077952 0.329905 0.383850 0.208292 
0.071057 0.177401 0.478109 0.273434 
0.269880 0.313002 0.102381 0.314737 
0.296081 0.065583 0.472433 0.165904 
0.167462 0.524689 0.031250 0.276599 
0.232813 0.131370 0.279247 0.140710 0.215859 
0.477145 0.063130 0.122015 0.275033 0.062676 
0.334397 0.021945 0.392353 0.022995 0.228310 
0.026788 0.269928 0.267411 0.380923 0.054951 
---
4 5
hypothesis model
0.522649 0.367791 0.052968 0.056592 
0.412486 0.193009 0.323441 0.071063 
0.185991 0.400129 0.356213 0.057668 
0.071348 0.261689 0.264210 0.402753 
0.204407 0.315177 0.042378 0.438039 
0.241793 0.262736 0.001026 0.215556 0.278890 
0.196871 0.276037 0.104362 0.328032 0.094698 
0.275387 0.057786 0.027323 0.202361 0.437143 
0.316071 0.235914 0.082363 0.009845 0.355807 
---
4 5
hypothesis model
0.006712 0.011657 0.408000 0.573631 
0.090974 0.261624 0.381549 0.265853 
0.293990 0.051828 0.527353 0.126830 
0.283788 0.192215 0.263392 0.260605 
0.169897 0.629160 0.142624 0.058320 
0.275484 0.156704 0.041647 0.286663 0.239501 
0.191360 0.216331 0.114102 0.254347 0.223860 
0.125567 0.269436 0.148860 0.155123 0.301015 
0.260652 0.061813 0.345741 0.142497 0.189298 
---
4 5
hypothesis model
0.072640 0.274985 0.334319 0.318056 
0.232159 0.191251 0.285175 0.291415 
0.075891 0.472688 0.439997 0.011424 
0.278052 0.003397 0.595320 0.123231 
0.264178 0.270136 0.228652 0.237034 
0.334050 0.010861 0.316783 0.012598 0.325708 
0.196681 0.296741 0.279057 0.176247 0.051274 
0.101829 0.215436 0.070345 0.424315 0.188075 
0.307902 0.161696 0.073501 0.236986 0.219915 
---
4 5
hypothesis model
0.062220 0.134878 0.503319 0.299584 
0.250438 0.265607 0.384529 0.099426 
0.109138 0.164935 0.374211 0.351715 
0.157908 0.138353 0.329722 0.374017 
0.371983 0.241069 0.269665 0.117283 
0.179738 0.220006 0.192639 0.219589 0.188028 
0.074898 0.458435 0.082729 0.219488 0.164450 
0.222393 0.136899 0.230646 0.088473 0.321588 
0.090947 0.368929 0.342950 0.181997 0.015177 
---
4 5
hypothesis model
0.310221 0.186747 0.273483 0.229549 
0.287639 0.316299 0.201231 0.194831 
0.054454 0.384636 0.247869 0.313041 
0.356505 0.153504 0.273299 0.216692 
0.223406 0.106117 0.299952 0.370525 
0.283129 0.177775 0.096350 0.085133 0.357613 
0.053116 0.137402 0.139548 0.366320 0.303613 
0.125875 0.335514 0.324863 0.059260 0.154488 
0.124881 0.201267 0.214790 0.221743 0.237319 
---
4 5
hypothesis model
0.208760 0.391760 0.217698 0.181782 
0.554881 0.213926 0.052946 0.178246 
0.167926 0.212645 0.316264 0.303164 
0.576096 0.084748 0.049012 0.290144 
0.165368 0.253698 0.503481 0.077452 
0.157889 0.216909 0.114021 0.062440 0.448740 
0.277781 0.278477 0.055089 0.186898 0.201754 
0.007496 0.064148 0.341278 0.287722 0.299356 
0.222464 0.016544 0.268727 0.307341 0.184924 
---
4 5
hypothesis model
0.270815 0.169330 0.333525 0.226330 
0.047013 0.309539 0.463443 0.180005 
0.009462 0.535192 0.359037 0.096309 
0.482428 0.310871 0.096304 0.110397 
0.056750 0.457486 0.198124 0.287639 
0.041055 0.159955 0.299483 0.471994 0.027512 
0.188813 0.334097 0.055267 0.107132 0.314691 
0.292423 0.305508 0.241253 0.092523 0.068294 
0.272921 0.342732 0.030671 0.005729 0.347947 
---
4 5
hypothesis model
0.108952 0.411246 0.061183 0.418620 
0.044282 0.119290 0.719124 0.117303 
0.335980 0.063715 0.231319 0.368986 
0.231658 0.088570 0.421470 0.258302 
0.222028 0.212136 0.260005 0.305831 
0.062550 0.150902 0.216631 0.320202 0.249715 
0.258467 0.147277 0.152818 0.288543 0.152895 
0.112718 0.258770 0.452323 0.096148 0.080040 
0.619134 0.219588 0.006658 0.040617 0.114004 
---
4 5
hypothesis model
0.211822 0.411985 0.088393 0.287800 
0.348939 0.411488 0.080457 0.159116 
0.237070 0.396424 0.064221 0.302285 
0.091104 0.333117 0.185697 0.390082 
0.123796 0.351424 0.046086 0.478695 
0.034976 0.135083 0.199104 0.414978 0.215858 
0.158273 0.225971 0.213224 0.160848 0.241684 
0.344434 0.274409 0.198411 0.029417 0.153328 
0.163783 0.023913 0.261435 0.319795 0.231075 
---
4 5
hypothesis model
0.085594 0.394110 0.021558 0.498738 
0.238907 0.246837 0.161102 0.353154 
0.138586 0.256272 0.420202 0.184940 
0.521297 0.124384 0.185266 0.169054 
0.565974 0.097208 0.045220 0.291599 
0.059453 0.048174 0.179276 0.586744 0.126352 
0.329799 0.015141 0.101021 0.137666 0.416373 
0.214731 0.208811 0.202061 0.270314 0.104083 
0.071969 0.153721 0.227845 0.316496 0.229969 
---
4 5
hypothesis model
0.191657 0.127398 0.366240 0.314705 
0.440403 0.150517 0.073331 0.335749 
0.353968 0.170062 0.070438 0.405533 
0.243216 0.259385 0.128366 0.369033 
0.492528 0.090600 0.319925 0.096947 
0.303267 0.108391 0.285169 0.211637 0.091536 
0.071846 0.235210 0.201918 0.258046 0.232981 
0.269938 0.078940 0.332371 0.291312 0.027439 
0.250734 0.418024 0.099226 0.092395 0.139622 
---
4 5
hypothesis model
0.052303 0.781903 0.096911 0.068882 
0.273888 0.456630 0.037291 0.232191 
0.063211 0.453996 0.440641 0.042151 
0.010169 0.345496 0.454253 0.190082 
0.350779 0.268217 0.034773 0.346231 
0.228402 0.247384 0.415928 0.060762 0.047523 
0.007869 0.241896 0.356235 0.082558 0.311443 
0.178949 0.489974 0.080737 0.012554 0.237785 
0.307088 0.438674 0.178027 0.060176 0.016035 
---
4 5
hypothesis model
0.191479 0.317629 0.284714 0.206177 
0.196994 0.482080 0.218034 0.102893 
0.501015 0.485842 0.004615 0.008528 
0.028967 0.743266 0.114257 0.113510 
0.472822 0.377432 0.047066 0.102680 
0.217393 0.114525 0.294413 0.253525 0.120143 
0.081781 0.206380 0.152369 0.284550 0.274920 
0.140854 0.257746 0.130351 0.183202 0.287847 
0.258452 0.102399 0.013938 0.330576 0.294635 
---
4 5
hypothesis model
0.339125 0.123281 0.079860 0.457734 
0.252263 0.280672 0.216038 0.251027 
0.383078 0.439303 0.004929 0.172690 
0.075887 0.586155 0.025322 0.312636 
0.006052 0.246601 0.430838 0.316509 
0.505286 0.034894 0.072031 0.129037 0.258752 
0.201383 0.223857 0.187364 0.210149 0.177247 
0.196967 0.136106 0.219638 0.085016 0.362273 
0.173463 0.047732 0.295998 0.058816 0.423991 
---
4 5
hypothesis model
0.093439 0.313315 0.239111 0.354135 
0.329366 0.037846 0.299881 0.332907 
0.247041 0.288912 0.242967 0.221080 
0.307552 0.293986 0.320077 0.078385 
0.202023 0.267457 0.405996 0.124525 
0.111606 0.141330 0.225101 0.305559 0.216404 
0.183718 0.052368 0.268292 0.400231 0.095390 
0.185059 0.131884 0.150640 0.217068 0.315349 
0.159783 0.305680 0.306790 0.150931 0.076817 
---
4 5
hypothesis model
0.113890 0.375612 0.231363 0.279134 
0.258043 0.186033 0.061825 0.494099 
0.648410 0.021600 0.156066 0.173923 
0.177856 0.361526 0.031702 0.428916 
0.202180 0.142954 0.459339 0.195527 
0.176559 0.033183 0.235321 0.317976 0.236961 
0.160214 0.056539 0.103410 0.470598 0.209239 
0.187357 0.097781 0.130290 0.516711 0.067861 
0.315838 0.150303 0.105548 0.295117 0.133194 
---
4 5
hypothesis model
0.396385 0.205164 0.325935 0.072516 
0.357003 0.302635 0.317706 0.022656 
0.474051 0.183747 0.181813 0.160389 
0.171491 0.379440 0.032115 0.416955 
0.288700 0.238342 0.259191 0.213767 
0.205276 0.191924 0.121288 0.290238 0.191274 
0.159795 0.198134 0.300680 0.241285 0.100106 
0.117776 0.011092 0.117319 0.401007 0.352806 
0.454004 0.207653 0.177965 0.021604 0.138774 
---
4 5
hypothesis model
0.286046 0.149754 0.314938 0.249262 
0.177142 0.419128 0.082516 0.321213 
0.365905 0.144073 0.290980 0.199041 
0.518116 0.024425 0.186955 0.270504 
0.249343 0.437433 0.185295 0.127929 
0.115551 0.302369 0.141058 0.228659 0.212363 
0.004144 0.206540 0.389224 0.173049 0.227044 
0.091094 0.053348 0.393913 0.350569 0.111077 
0.088422 0.227837 0.186861 0.337171 0.159709 
---
4 5
hypothesis model
0.255293 0.213550 0.223340 0.307817 
0.262749 0.077387 0.064958 0.594905 
0.054541 0.459061 0.209458 0.276941 
0.066709 0.259400 0.386733 0.287158 
0.241294 0.117775 0.218276 0.422655 
0.290119 0.254687 0.021006 0.253049 0.181138 
0.091322 0.255461 0.282648 0.204640 0.165928 
0.162238 0.234258 0.526285 0.048959 0.028259 
0.275879 0.160192 0.117074 0.241729 0.205126 
---
4 5
hypothesis model
0.293251 0.299435 0.262454 0.144860 
0.051602 0.252758 0.263862 0.431778 
0.255072 0.353680 0.224404 0.166845 
0.429376 0.472004 0.070308 0.028312 
0.262027 0.276124 0.287426 0.174423 
0.311494 0.171762 0.014954 0.277704 0.224086 
0.040378 0.442947 0.313388 0.122970 0.080317 
0.241849 0.249383 0.196704 0.121746 0.190319 
0.323237 0.330022 0.019568 0.158269 0.168905 
---
4 5
hypothesis model
0.269236 0.552918 0.137213 0.040634 
0.223157 0.385699 0.207149 0.183996 
0.490692 0.274930 0.018447 0.215931 
0.424125 0.031642 0.465731 0.078502 
0.070015 0.354019 0.384420 0.191546 
0.373291 0.267210 0.113233 0.236604 0.009664 
0.252242 0.079742 0.220396 0.264966 0.182654 
0.105453 0.434422 0.293487 0.008698 0.157939 
0.034395 0.292727 0.255992 0.171365 0.245522 
---
4 5
hypothesis model
0.421815 0.161650 0.309250 0.107285 
0.244962 0.385781 0.072070 0.297186 
0.302238 0.422270 0.055350 0.220142 
0.209818 0.154388 0.417071 0.218723 
0.249072 0.244928 0.280307 0.225692 
0.348636 0.197370 0.050711 0.199571 0.203713 
0.224775 0.323143 0.232869 0.125300 0.093913 
0.096296 0.214126 0.305637 0.153018 0.230923 
0.230951 0.218975 0.458722 0.082855 0.008498 
---
4 5
hypothesis model
0.473068 0.415456 0.090257 0.021219 
0.229412 0.178758 0.254253 0.337576 
0.450159 0.014326 0.108431 0.427084 
0.433360 0.249236 0.218776 0.098629 
0.330890 0.398443 0.254451 0.016217 
0.050675 0.316667 0.214113 0.335656 0.082889 
0.061243 0.118336 0.252744 0.389966 0.177711 
0.225072 0.213558 0.251447 0.032043 0.277880 
0.156800 0.309534 0.231252 0.113529 0.188885 
---
4 5
hypothesis model
0.149662 0.215073 0.132346 0.502919 
0.412639 0.212730 0.085297 0.289334 
0.153328 0.364037 0.264168 0.218468 
0.318234 0.061489 0.183975 0.436303 
0.180331 0.434250 0.278486 0.106934 
0.009375 0.397272 0.287473 0.276234 0.029646 
0.143431 0.311524 0.205784 0.279595 0.059667 
0.425342 0.140800 0.249797 0.034591 0.149470 
0.108142 0.159452 0.175300 0.286375 0.270731 
---
4 5
hypothesis model
0.393857 0.092991 0.101106 0.412046 
0.195771 0.232558 0.270859 0.300812 
0.136694 0.040122 0.668806 0.154378 
0.025547 0.363184 0.540936 0.070333 
0.018667 0.333575 0.292343 0.355414 
0.022097 0.297130 0.100257 0.251604 0.328911 
0.222994 0.349700 0.107374 0.038298 0.281634 
0.060421 0.345956 0.121768 0.276922 0.194933 
0.224916 0.318011 0.321350 0.124398 0.011325 
---
4 5
hypothesis model
0.480175 0.072990 0.178903 0.267933 
0.434826 0.067105 0.037259 0.460809 
0.373184 0.311922 0.295808 0.019086 
0.336313 0.024941 0.395635 0.243111 
0.235232 0.232070 0.259781 0.272917 
0.214583 0.413943 0.057162 0.281119 0.033194 
0.155567 0.065439 0.461309 0.084136 0.233550 
0.494460 0.040966 0.355229 0.092608 0.016736 
0.317790 0.195563 0.065791 0.228772 0.192084 
---
4 5
hypothesis model
0.212605 0.227312 0.134792 0.425291 
0.092545 0.019402 0.471900 0.416153 
0.337983 0.329448 0.291847 0.040722 
0.195736 0.308892 0.271837 0.223534 
0.000672 0.559570 0.313193 0.126565 
0.090920 0.160938 0.110797 0.396691 0.240653 
0.107323 0.142981 0.323236 0.146668 0.279791 
0.050286 0.119032 0.329994 0.182959 0.317729 
0.020605 0.213579 0.320568 0.364194 0.081054 
---
4 5
hypothesis model
0.245117 0.274997 0.177726 0.302160 
0.102048 0.557036 0.238311 0.102605 
0.243198 0.307487 0.128151 0.321164 
0.071019 0.272117 0.334209 0.322654 
0.507639 0.045870 0.308268 0.138223 
0.286894 0.233150 0.195208 0.238331 0.046417 
0.151200 0.286761 0.259930 0.062032 0.240077 
0.401949 0.282636 0.032226 0.058426 0.224762 
0.108336 0.005283 0.400619 0.185269 0.300493 
---
4 5
hypothesis model
0.118987 0.114760 0.391863 0.374390 
0.270857 0.158523 0.431437 0.139184 
0.149777 0.589865 0.228816 0.031543 
0.210806 0.302884 0.233423 0.252887 
0.189243 0.265459 0.261165 0.284133 
0.036071 0.318252 0.066663 0.115947 0.463068 
0.223542 0.139012 0.170705 0.161061 0.305681 
0.023160 0.014643 0.241683 0.276002 0.444512 
0.208916 0.191804 0.084704 0.252091 0.262484 
---
4 5
hypothesis model
0.136826 0.256297 0.237130 0.369747 
0.101531 0.324709 0.331774 0.241986 
0.098776 0.104575 0.677049 0.119600 
0.270762 0.032221 0.175186 0.521831 
0.245257 0.255242 0.092907 0.406593 
0.104241 0.084008 0.316167 0.247722 0.247863 
0.347063 0.223679 0.197599 0.049043 0.182617 
0.175036 0.180964 0.311848 0.172744 0.159407 
0.502196 0.058882 0.050768 0.251870 0.136284 
---
4 5
hypothesis model
0.325220 0.208991 0.151043 0.314746 
0.286178 0.390785 0.270333 0.052704 
0.180563 0.415378 0.032258 0.371801 
0.448693 0.019391 0.187976 0.343940 
0.288758 0.314447 0.069236 0.327558 
0.249297 0.426364 0.269447 0.051307 0.003585 
0.339484 0.006263 0.052181 0.382483 0.219590 
0.124207 0.031685 0.318757 0.268569 0.256783 
0.179533 0.194453 0.097514 0.216037 0.312463 
---
4 5
hypothesis model
0.008271 0.536884 0.174915 0.279931 
0.244534 0.316096 0.249483 0.189887 
0.343504 0.385891 0.210831 0.059774 
0.236779 0.421819 0.102125 0.239276 
0.322844 0.117171 0.318154 0.241831 
0.192748 0.265443 0.150832 0.179518 0.211459 
0.160722 0.063762 0.142042 0.287917 0.345556 
0.049817 0.274856 0.157656 0.278876 0.238795 
0.448676 0.183576 0.063945 0.222053 0.081750 
---
4 5
hypothesis model
0.242723 0.330084 0.365090 0.062104 
0.296790 0.188422 0.357675 0.157113 
0.277108 0.221230 0.333184 0.168478 
0.385615 0.303789 0.075840 0.234755 
0.388016 0.120663 0.317804 0.173517 
0.305379 0.239041 0.289090 0.077605 0.088886 
0.145041 0.085201 0.280241 0.203012 0.286506 
0.269221 0.158956 0.204053 0.049173 0.318597 
0.133704 0.196729 0.287233 0.260356 0.121978 
---
4 5
hypothesis model
0.374548 0.270545 0.043359 0.311548 
0.137132 0.571996 0.288028 0.002845 
0.261984 0.147545 0.412416 0.178054 
0.536017 0.143673 0.243298 0.077013 
0.285685 0.293759 0.393007 0.027548 
0.085820 0.200405 0.175679 0.288781 0.249315 
0.253246 0.169142 0.211641 0.246313 0.119658 
0.429240 0.054936 0.022594 0.365800 0.127429 
0.093768 0.242862 0.251324 0.095395 0.316652 
---
4 5
hypothesis model
0.131426 0.335222 0.303038 0.230313 
0.326791 0.184823 0.323143 0.165243 
0.049830 0.411876 0.315484 0.222810 
0.433532 0.070595 0.406392 0.089481 
0.319499 0.335047 0.277332 0.068123 
0.341914 0.151895 0.092615 0.359825 0.053750 
0.214592 0.089793 0.373373 0.109190 0.213053 
0.285425 0.046561 0.045575 0.320909 0.301530 
0.326888 0.134626 0.236512 0.141805 0.160168 
---
4 5
hypothesis model
0.112969 0.358437 0.183284 0.345310 
0.419053 0.039086 0.299058 0.242803 
0.323997 0.093469 0.312717 0.269817 
0.214824 0.333293 0.187205 0.264677 
0.174406 0.299248 0.247710 0.278637 
0.103880 0.195845 0.376501 0.164514 0.159259 
0.229030 0.118146 0.254558 0.134292 0.263973 
0.110661 0.349307 0.324099 0.034722 0.181211 
0.330618 0.081488 0.041660 0.114733 0.431501 
---
4 5
hypothesis model
0.090492 0.025471 0.207403 0.676634 
0.309991 0.362834 0.227841 0.099334 
0.253504 0.079423 0.334620 0.332453 
0.239966 0.282236 0.110590 0.367208 
0.164718 0.242784 0.278947 0.313551 
0.194599 0.446668 0.270442 0.060713 0.027579 
0.463119 0.377060 0.105946 0.035218 0.018658 
0.046240 0.161861 0.425392 0.254724 0.111783 
0.309038 0.216726 0.334898 0.029985 0.109353 
---
4 5
hypothesis model
0.120889 0.225048 0.340040 0.314023 
0.345437 0.230753 0.323261 0.100548 
0.132109 0.363321 0.050388 0.454181 
0.195417 0.276206 0.307642 0.220734 
0.243531 0.203139 0.281763 0.271567 
0.231943 0.341143 0.037680 0.216321 0.172913 
0.256072 0.260313 0.001936 0.163671 0.318007 
0.173845 0.194342 0.277343 0.312144 0.042327 
0.138399 0.025110 0.448188 0.265724 0.122579 
---
4 5
hypothesis model
0.319522 0.161589 0.231691 0.287198 
0.108948 0.292357 0.151834 0.446861 
0.076896 0.035087 0.408739 0.479278 
0.415591 0.314294 0.111084 0.159031 
0.030231 0.479099 0.282233 0.208437 
0.015213 0.337380 0.306800 0.257580 0.083026 
0.286761 0.324789 0.089199 0.203081 0.096170 
0.156195 0.278224 0.281948 0.092445 0.191188 
0.223091 0.186633 0.185750 0.192331 0.212195 
---
4 5
hypothesis model
0.219535 0.329030 0.174958 0.276477 
0.098739 0.675400 0.097892 0.127969 
0.250571 0.255949 0.227456 0.266024 
0.085183 0.004930 0.711059 0.198827 
0.332418 0.365278 0.241327 0.060978 
0.263006 0.251810 0.244545 0.197716 0.042923 
0.141948 0.245748 0.348037 0.075069 0.189198 
0.271390 0.022285 0.290916 0.158906 0.256503 
0.035665 0.153591 0.377167 0.099347 0.334229 
---
4 5
hypothesis model
0.035346 0.270274 0.518041 0.176338 
0.308412 0.155874 0.379925 0.155788 
0.081920 0.370227 0.530551 0.017302 
0.136601 0.205301 0.430097 0.228001 
0.301790 0.166750 0.144442 0.387018 
0.322968 0.087936 0.008653 0.310949 0.269494 
0.277448 0.315197 0.057135 0.270210 0.080011 
0.017949 0.119518 0.362309 0.158539 0.341684 
0.159426 0.193525 0.186654 0.248368 0.212028 
---
4 5
hypothesis model
0.093754 0.395417 0.283311 0.227518 
0.307787 0.222716 0.262781 0.206715 
0.407628 0.011034 0.199629 0.381710 
0.168733 0.302077 0.490680 0.038509 
0.227368 0.486758 0.146197 0.139677 
0.042079 0.181549 0.338219 0.001432 0.436720 
0.187553 0.277098 0.202420 0.068257 0.264672 
0.245485 0.181164 0.033298 0.112972 0.427081 
0.302184 0.256718 0.062611 0.129476 0.249011 
---
4 5
hypothesis model
0.443615 0.269018 0.267476 0.019891 
0.167480 0.206576 0.269674 0.356269 
0.101865 0.347238 0.419321 0.131575 
0.048025 0.298777 0.181972 0.471226 
0.426108 0.430337 0.109983 0.033572 
0.205666 0.205200 0.111284 0.220915 0.256935 
0.242718 0.120680 0.110709 0.295684 0.230209 
0.018543 0.074934 0.283589 0.312185 0.310749 
0.444767 0.024848 0.085321 0.307684 0.137380 
---
4 5
hypothesis model
0.367505 0.345331 0.082226 0.204938 
0.028312 0.317265 0.295914 0.358509 
0.635845 0.046933 0.054323 0.262898 
0.281211 0.170207 0.432948 0.115635 
0.122974 0.258750 0.535838 0.082438 
0.017840 0.354952 0.136480 0.339943 0.150786 
0.454894 0.271356 0.166667 0.026641 0.080442 
0.376969 0.009413 0.461987 0.115214 0.036416 
0.236684 0.019246 0.254905 0.235761 0.253404 
---
4 5
hypothesis model
0.209126 0.057057 0.527483 0.206333 
0.159758 0.073595 0.514602 0.252045 
0.240216 0.218694 0.281601 0.259490 
0.495320 0.352913 0.018993 0.132774 
0.247152 0.236238 0.247848 0.268763 
0.299275 0.080129 0.273085 0.190276 0.157234 
0.337557 0.129592 0.209999 0.281108 0.041743 
0.132099 0.221209 0.403284 0.219434 0.023974 
0.091428 0.278682 0.359131 0.254969 0.015789 
---
4 5
hypothesis model
0.136448 0.328512 0.249872 0.285168 
0.368966 0.244441 0.217985 0.168607 
0.034784 0.020333 0.527294 0.417589 
0.134301 0.373630 0.137860 0.354209 
0.189312 0.275081 0.026034 0.509574 
0.205557 0.126255 0.163850 0.195908 0.308430 
0.208117 0.303573 0.208193 0.138863 0.141253 
0.249722 0.236961 0.180768 0.015700 0.316849 
0.086252 0.268308 0.085780 0.259046 0.300614 
---
4 5
hypothesis model
0.026900 0.113657 0.435514 0.423929 
0.111526 0.474531 0.035076 0.378867 
0.093741 0.067682 0.315591 0.522986 
0.227255 0.451139 0.145950 0.175656 
0.202172 0.033388 0.401599 0.362840 
0.168750 0.177834 0.133335 0.328382 0.191699 
0.074286 0.024353 0.038973 0.264279 0.598110 
0.310980 0.218894 0.024668 0.012791 0.432666 
0.060520 0.199151 0.288061 0.213057 0.239211 
---
4 5
hypothesis model
0.185377 0.349188 0.171930 0.293504 
0.021144 0.365892 0.387255 0.225708 
0.393862 0.331976 0.134132 0.140030 
0.116506 0.379822 0.094361 0.409310 
0.276297 0.070727 0.283220 0.369756 
0.272101 0.138194 0.150467 0.291161 0.148077 
0.132644 0.441598 0.019334 0.104104 0.302320 
0.277493 0.088101 0.269786 0.110240 0.254381 
0.441447 0.066504 0.313883 0.176977 0.001189 
---
4 5
hypothesis model
0.185382 0.216497 0.299753 0.298369 
0.141746 0.240287 0.115527 0.502441 
0.223514 0.326086 0.320644 0.129755 
0.210338 0.221240 0.101553 0.466869 
0.265277 0.054207 0.319063 0.361454 
0.265039 0.193850 0.040876 0.197732 0.302502 
0.336644 0.168386 0.013482 0.182893 0.298595 
0.019018 0.414460 0.210302 0.178717 0.177503 
0.212804 0.253413 0.177124 0.209448 0.147211 
---
4 5
hypothesis model
0.383327 0.064584 0.202429 0.349659 
0.448493 0.006954 0.267555 0.276997 
0.076972 0.178320 0.243091 0.501617 
0.321276 0.202779 0.186995 0.288950 
0.141112 0.302306 0.267412 0.289170 
0.267605 0.321011 0.265795 0.057194 0.088395 
0.040823 0.385194 0.031881 0.301315 0.240787 
0.404371 0.145108 0.112216 0.300244 0.038061 
0.046411 0.173657 0.256765 0.290250 0.232917 
---
4 5
hypothesis model
0.514079 0.430588 0.025294 0.030039 
0.442916 0.023549 0.418138 0.115397 
0.006966 0.385326 0.083895 0.523813 
0.154448 0.294356 0.312606 0.238590 
0.306467 0.246889 0.247549 0.199095 
0.114814 0.122019 0.312191 0.173075 0.277901 
0.369822 0.240929 0.063566 0.209933 0.115750 
0.333162 0.210109 0.201609 0.103401 0.151718 
0.157706 0.238714 0.022080 0.333595 0.247904 
---
4 5
hypothesis model
0.297009 0.132809 0.343039 0.227144 
0.150024 0.405361 0.314587 0.130028 
0.331294 0.233934 0.428498 0.006275 
0.319241 0.286718 0.180853 0.213188 
0.422419 0.021980 0.486225 0.069377 
0.114781 0.156886 0.208607 0.278746 0.240981 
0.227207 0.235514 0.232656 0.233473 0.071150 
0.079771 0.226667 0.357737 0.093204 0.242621 
0.062618 0.080860 0.140730 0.233333 0.482460 
---
4 5
hypothesis model
0.240388 0.283866 0.145776 0.329970 
0.062158 0.275591 0.102998 0.559253 
0.139089 0.311520 0.295703 0.253688 
0.128713 0.179788 0.219730 0.471770 
0.149126 0.224238 0.547276 0.079360 
0.225425 0.359457 0.226527 0.134521 0.054069 
0.052843 0.221048 0.135937 0.171834 0.418338 
0.121073 0.097376 0.183370 0.010917 0.587264 
0.092594 0.110918 0.259300 0.309403 0.227785 
---
4 5
hypothesis model
0.487779 0.239636 0.067959 0.204626 
0.046626 0.409705 0.388593 0.155076 
0.064470 0.300404 0.234805 0.400321 
0.409608 0.007214 0.050620 0.532558 
0.058995 0.258449 0.445109 0.237446 
0.234535 0.024975 0.347464 0.360549 0.032477 
0.110527 0.351557 0.156631 0.039608 0.341677 
0.046331 0.281552 0.242492 0.193552 0.236073 
0.390662 0.164407 0.202477 0.017337 0.225116 
---
4 5
hypothesis model
0.300479 0.140586 0.277540 0.281395 
0.205739 0.083730 0.450771 0.259759 
0.400503 0.507082 0.030602 0.061813 
0.283748 0.196130 0.219570 0.300552 
0.465842 0.316657 0.199034 0.018467 
0.257717 0.259216 0.387818 0.078981 0.016269 
0.120940 0.266509 0.101930 0.234397 0.276224 
0.273877 0.248428 0.132513 0.319378 0.025804 
0.384382 0.034112 0.031521 0.185309 0.364676 
---
4 5
hypothesis model
0.321808 0.342276 0.077366 0.258550 
0.060540 0.374216 0.544372 0.020872 
0.181172 0.213049 0.051402 0.554377 
0.237061 0.246965 0.269422 0.246552 
0.196081 0.628145 0.146322 0.029453 
0.219816 0.282295 0.216140 0.032628 0.249120 
0.208274 0.242615 0.237540 0.225823 0.085747 
0.191500 0.229489 0.215309 0.161152 0.202551 
0.285887 0.065173 0.204945 0.297053 0.146942 
---
4 5
hypothesis model
0.312966 0.284896 0.193804 0.208335 
0.498984 0.090672 0.354508 0.055836 
0.373225 0.302031 0.050781 0.273964 
0.246015 0.286905 0.274199 0.192881 
0.271231 0.309690 0.201720 0.217359 
0.037841 0.082195 0.159576 0.381199 0.339188 
0.030288 0.233006 0.303160 0.227158 0.206388 
0.152902 0.236183 0.233441 0.233239 0.144236 
0.133764 0.220152 0.274176 0.159589 0.212320 
---
4 5
hypothesis model
0.421636 0.178933 0.071058 0.328373 
0.471508 0.252900 0.081890 0.193702 
0.040496 0.376754 0.487520 0.095231 
0.528370 0.087492 0.011033 0.373105 
0.091704 0.309558 0.211676 0.387061 
0.160522 0.357558 0.230360 0.027368 0.224192 
0.008793 0.505863 0.355835 0.004778 0.124731 
0.059366 0.285676 0.308261 0.235086 0.111611 
0.171628 0.388083 0.165393 0.267291 0.007605 
---
4 5
hypothesis model
0.366105 0.251374 0.107976 0.274544 
0.299738 0.100084 0.177906 0.422273 
0.326409 0.292753 0.252543 0.128296 
0.403464 0.173739 0.225487 0.197310 
0.235753 0.002061 0.522909 0.239278 
0.049994 0.335967 0.051482 0.351773 0.210783 
0.193111 0.176029 0.234043 0.366861 0.029956 
0.172239 0.260818 0.150126 0.223391 0.193427 
0.013020 0.253705 0.266099 0.227861 0.239314 
---
4 5
hypothesis model
0.283344 0.383059 0.154493 0.179104 
0.489568 0.371779 0.000312 0.138342 
0.236336 0.268641 0.210386 0.284638 
0.277230 0.288531 0.311911 0.122328 
0.152182 0.167669 0.629788 0.050362 
0.114526 0.165720 0.352351 0.302144 0.065259 
0.209276 0.312356 0.034060 0.196301 0.248007 
0.356794 0.128216 0.085144 0.074412 0.355434 
0.044822 0.301790 0.326050 0.131735 0.195603 
---
4 5
hypothesis model
0.401211 0.236183 0.335771 0.026835 
0.276817 0.081237 0.288306 0.353640 
0.238300 0.345646 0.019299 0.396756 
0.050377 0.514015 0.293654 0.141954 
0.394730 0.293824 0.267064 0.044382 
0.039880 0.199179 0.253195 0.183259 0.324486 
0.155640 0.183125 0.174318 0.136949 0.349968 
0.355678 0.020554 0.294704 0.138539 0.190525 
0.273540 0.290791 0.150590 0.257728 0.027351 
---
4 5
hypothesis model
0.098905 0.353320 0.443860 0.103915 
0.413471 0.280203 0.255579 0.050746 
0.316455 0.288119 0.052361 0.343066 
0.006734 0.449731 0.096807 0.446729 
0.346929 0.209741 0.362412 0.080918 
0.177274 0.461049 0.134153 0.080878 0.146646 
0.284710 0.262517 0.322241 0.036222 0.094309 
0.345246 0.025691 0.302907 0.276844 0.049313 
0.161914 0.054473 0.205240 0.190839 0.387534 
---
4 5
hypothesis model
0.574107 0.268006 0.002767 0.155120 
0.034642 0.317029 0.268114 0.380216 
0.190156 0.332471 0.100301 0.377072 
0.198709 0.169641 0.324440 0.307210 
0.127463 0.314072 0.377644 0.180822 
0.281684 0.217796 0.135801 0.226153 0.138565 
0.333156 0.031486 0.331186 0.007711 0.296461 
0.385843 0.153986 0.041047 0.115429 0.303696 
0.088660 0.622683 0.016226 0.075235 0.197195 
---
4 5
hypothesis model
0.171641 0.100578 0.375657 0.352124 
0.208902 0.240469 0.275279 0.275349 
0.253989 0.390183 0.184671 0.171157 
0.125245 0.258545 0.345157 0.271053 
0.302555 0.044749 0.336878 0.315818 
0.165695 0.233628 0.147414 0.179844 0.273418 
0.202099 0.177958 0.205033 0.208282 0.206628 
0.077387 0.320835 0.083369 0.079493 0.438916 
0.229950 0.258311 0.168108 0.227938 0.115693 
---
4 5
hypothesis model
0.438526 0.113545 0.285940 0.161988 
0.393957 0.309034 0.200527 0.096482 
0.322545 0.330193 0.219245 0.128017 
0.295163 0.000895 0.478169 0.225773 
0.355820 0.261354 0.102828 0.279998 
0.221159 0.185678 0.057627 0.287040 0.248497 
0.329503 0.179799 0.195486 0.172790 0.122423 
0.279045 0.231718 0.151025 0.200125 0.138086 
0.167234 0.148799 0.362796 0.258288 0.062883 
---
4 5
hypothesis model
0.298059 0.075441 0.191407 0.435094 
0.084826 0.159393 0.308005 0.447776 
0.331949 0.321749 0.220341 0.125961 
0.100449 0.280437 0.341487 0.277627 
0.263666 0.165204 0.094667 0.476463 
0.286612 0.031970 0.304860 0.034081 0.342477 
0.037298 0.278147 0.045464 0.555210 0.083881 
0.080995 0.238329 0.113154 0.239435 0.328087 
0.295820 0.036032 0.370753 0.292247 0.005148 
---
4 5
hypothesis model
0.269706 0.247298 0.266294 0.216702 
0.423444 0.126561 0.271310 0.178686 
0.330002 0.427958 0.149797 0.092242 
0.331640 0.364280 0.094462 0.209617 
0.297073 0.225913 0.184254 0.292760 
0.281830 0.268193 0.208173 0.067243 0.174561 
0.249273 0.295472 0.243914 0.110626 0.100715 
0.174316 0.240655 0.112105 0.278843 0.194082 
0.123325 0.109693 0.110863 0.290096 0.366022 
---
4 5
hypothesis model
0.385405 0.168363 0.170945 0.275288 
0.387593 0.100173 0.148389 0.363845 
0.281094 0.270462 0.205937 0.242507 
0.547861 0.245732 0.006635 0.199773 
0.340453 0.267741 0.313726 0.078079 
0.415739 0.202104 0.026395 0.161538 0.194223 
0.218689 0.193359 0.207286 0.291085 0.089582 
0.175039 0.328536 0.070645 0.166569 0.259210 
0.000577 0.326022 0.035256 0.345631 0.292514 
---
4 5
hypothesis model
0.634708 0.156283 0.026365 0.182644 
0.264051 0.154854 0.337546 0.243549 
0.086237 0.396390 0.435808 0.081566 
0.117532 0.373124 0.213557 0.295787 
0.338574 0.101305 0.224989 0.335131 
0.151536 0.290897 0.200482 0.213035 0.144050 
0.191995 0.305111 0.081256 0.223634 0.198005 
0.307851 0.188560 0.335448 0.094716 0.073425 
0.239416 0.256726 0.056441 0.124203 0.323215 
---
4 5
hypothesis model
0.437821 0.062829 0.273010 0.226340 
0.117567 0.335131 0.027306 0.519996 
0.353183 0.228504 0.275150 0.143164 
0.572681 0.349020 0.063540 0.014759 
0.372309 0.378035 0.099737 0.149919 
0.168916 0.020485 0.524270 0.103283 0.183046 
0.006615 0.383120 0.464383 0.078894 0.066989 
0.316218 0.052843 0.142106 0.331327 0.157506 
0.251072 0.205853 0.200472 0.218255 0.124348 
---
4 5
hypothesis model
0.289297 0.582148 0.030081 0.098473 
0.241732 0.356477 0.277430 0.124361 
0.188007 0.296444 0.221381 0.294168 
0.369352 0.176473 0.428771 0.025403 
0.230048 0.421379 0.018163 0.330410 
0.247121 0.259007 0.202978 0.064662 0.226232 
0.053450 0.390001 0.120911 0.280463 0.155176 
0.295689 0.313648 0.252996 0.088705 0.048961 
0.324340 0.294992 0.216640 0.056316 0.107711 
---
4 5
hypothesis model
0.299045 0.352548 0.002298 0.346109 
0.046716 0.567795 0.105798 0.279691 
0.482839 0.156830 0.002684 0.357647 
0.035267 0.300346 0.296046 0.368342 
0.451536 0.276243 0.055866 0.216355 
0.232373 0.183581 0.274550 0.079359 0.230139 
0.026216 0.104643 0.334913 0.346362 0.187866 
0.438046 0.009399 0.033046 0.454909 0.064601 
0.058692 0.363125 0.124100 0.239662 0.214421 
---
4 5
hypothesis model
0.273061 0.057288 0.327907 0.341744 
0.195646 0.446780 0.290429 0.067145 
0.080451 0.247818 0.221695 0.450036 
0.098884 0.236426 0.141173 0.523517 
0.281307 0.264714 0.360007 0.093972 
0.268833 0.191051 0.060478 0.292062 0.187576 
0.150685 0.023777 0.228633 0.294805 0.302101 
0.030504 0.124897 0.210953 0.033658 0.599990 
0.184357 0.237354 0.065293 0.217955 0.295041 
---
4 5
hypothesis model
0.296771 0.298648 0.042566 0.362016 
0.336514 0.090672 0.515150 0.057663 
0.327507 0.292197 0.139972 0.240324 
0.090486 0.266578 0.214236 0.428700 
0.421428 0.225094 0.124857 0.228621 
0.047969 0.171001 0.367911 0.215403 0.197715 
0.140622 0.378039 0.017279 0.224128 0.239932 
0.313476 0.093766 0.242389 0.278784 0.071585 
0.215699 0.003093 0.090925 0.282080 0.408202 
---
4 5
hypothesis model
0.253790 0.272764 0.165658 0.307788 
0.076826 0.214408 0.272981 0.435785 
0.290186 0.271034 0.123762 0.315018 
0.056376 0.539926 0.171451 0.232246 
0.165831 0.117719 0.252414 0.464036 
0.380075 0.193818 0.057801 0.250770 0.117536 
0.151635 0.386559 0.112132 0.215695 0.133978 
0.419812 0.087255 0.003549 0.467821 0.021563 
0.100501 0.261052 0.367921 0.073554 0.196972 
---
4 5
hypothesis model
0.301870 0.324098 0.125984 0.248049 
0.165318 0.216287 0.347655 0.270741 
0.332295 0.177519 0.243288 0.246899 
0.471681 0.405353 0.074582 0.048384 
0.031350 0.514652 0.174142 0.279855 
0.165570 0.127422 0.417216 0.169895 0.119896 
0.263931 0.161431 0.228043 0.141015 0.205581 
0.004153 0.499918 0.059649 0.178722 0.257558 
0.188868 0.305544 0.144901 0.112497 0.248190 
---
4 5
hypothesis model
0.200162 0.305951 0.149717 0.344170 
0.247167 0.184674 0.298776 0.269383 
0.291615 0.086566 0.159946 0.461873 
0.182844 0.494911 0.035800 0.286444 
0.444699 0.317016 0.138966 0.099319 
0.112376 0.197216 0.041716 0.197231 0.451462 
0.173295 0.280284 0.167323 0.324078 0.055020 
0.103834 0.353588 0.045759 0.260900 0.235920 
0.328808 0.047466 0.153612 0.215141 0.254973 
---
4 5
hypothesis model
0.245720 0.276770 0.267773 0.209738 
0.349762 0.205613 0.204179 0.240446 
0.395539 0.273289 0.278114 0.053057 
0.365054 0.294204 0.148149 0.192594 
0.156869 0.120163 0.598659 0.124309 
0.186982 0.116840 0.016615 0.243050 0.436513 
0.168253 0.069849 0.272600 0.272895 0.216405 
0.196419 0.163191 0.189228 0.332419 0.118743 
0.112212 0.143540 0.292675 0.310304 0.141269 
---
4 5
hypothesis model
0.282032 0.357352 0.025677 0.334938 
0.107373 0.342604 0.343642 0.206380 
0.039962 0.407494 0.345456 0.207087 
0.035131 0.285151 0.335815 0.343904 
0.210788 0.089164 0.520239 0.179809 
0.313463 0.148179 0.264125 0.150065 0.124167 
0.030802 0.243875 0.246941 0.291492 0.186890 
0.061487 0.178509 0.046063 0.327260 0.386681 
0.121347 0.171139 0.209782 0.298335 0.199397 
---
4 5
hypothesis model
0.197634 0.343954 0.319514 0.138898 
0.154691 0.358096 0.199210 0.288003 
0.177173 0.694039 0.119172 0.009616 
0.363719 0.362255 0.190953 0.083074 
0.327167 0.059921 0.330324 0.282588 
0.302155 0.020363 0.057788 0.338822 0.280872 
0.472467 0.099060 0.104792 0.276853 0.046828 
0.264499 0.007730 0.241284 0.279755 0.206733 
0.048460 0.274961 0.053349 0.312520 0.310710 
---
4 5
hypothesis model
0.391502 0.064222 0.336688 0.207587 
0.327209 0.140030 0.237128 0.295633 
0.285743 0.286675 0.292120 0.135462 
0.368040 0.433258 0.040273 0.158429 
0.421804 0.190046 0.337954 0.050195 
0.414309 0.294863 0.109726 0.078286 0.102815 
0.256637 0.073408 0.317339 0.312413 0.040203 
0.278080 0.152377 0.031665 0.245500 0.292379 
0.355516 0.014968 0.162376 0.248214 0.218926 
---
4 5
hypothesis model
0.061328 0.136991 0.450674 0.351008 
0.294562 0.309204 0.264596 0.131639 
0.091268 0.150890 0.375131 0.382710 
0.213401 0.269390 0.260732 0.256476 
0.164066 0.499510 0.265751 0.070672 
0.250381 0.048938 0.162117 0.277714 0.260850 
0.109238 0.248007 0.274563 0.235586 0.132606 
0.207459 0.323442 0.272992 0.111689 0.084417 
0.168062 0.040357 0.385133 0.321961 0.084487 
---
4 5
hypothesis model
0.178220 0.190503 0.229467 0.401810 
0.255432 0.050804 0.355276 0.338488 
0.440027 0.190916 0.023491 0.345566 
0.256738 0.279611 0.278835 0.184816 
0.409517 0.166239 0.118966 0.305278 
0.249144 0.219803 0.117821 0.119955 0.293278 
0.231906 0.325204 0.018823 0.196345 0.227722 
0.098410 0.224921 0.298249 0.354217 0.024204 
0.252320 0.015134 0.028997 0.222288 0.481260 
---
4 5
hypothesis model
0.019297 0.377161 0.419238 0.184304 
0.017310 0.080889 0.231105 0.670697 
0.241756 0.293995 0.317375 0.146874 
0.241385 0.021455 0.534828 0.202332 
0.410825 0.331123 0.213180 0.044872 
0.010784 0.228586 0.259665 0.319759 0.181205 
0.249154 0.083692 0.168542 0.268282 0.230330 
0.215823 0.101860 0.053892 0.559150 0.069275 
0.052279 0.475498 0.208778 0.030123 0.233322 
---
4 5
hypothesis model
0.061480 0.039032 0.305802 0.593686 
0.343497 0.221804 0.282821 0.151878 
0.294326 0.282491 0.120797 0.302386 
0.217788 0.007884 0.351243 0.423086 
0.282368 0.392693 0.146861 0.178078 
0.191147 0.219870 0.188140 0.217604 0.183238 
0.227873 0.258203 0.187086 0.048473 0.278365 
0.033677 0.083866 0.259129 0.385011 0.238318 
0.183584 0.195949 0.081551 0.371543 0.167373 
---
4 5
hypothesis model
0.171507 0.317316 0.066437 0.444740 
0.041007 0.011959 0.337954 0.609080 
0.384340 0.303553 0.076886 0.235221 
0.292051 0.477286 0.182763 0.047901 
0.262638 0.059245 0.338402 0.339714 
0.262629 0.197154 0.227744 0.151472 0.161002 
0.119144 0.269838 0.287244 0.162065 0.161709 
0.118154 0.294057 0.283672 0.251635 0.052483 
0.242878 0.203543 0.206010 0.146425 0.201144 
---
4 5
hypothesis model
0.082166 0.399581 0.194360 0.323893 
0.145465 0.165929 0.342137 0.346469 
0.248814 0.250563 0.256847 0.243776 
0.169799 0.245230 0.060480 0.524491 
0.271312 0.331635 0.281643 0.115410 
0.237607 0.035516 0.422457 0.041225 0.263196 
0.025105 0.476865 0.066188 0.377624 0.054218 
0.172702 0.246354 0.184590 0.206573 0.189782 
0.011100 0.066495 0.234205 0.390409 0.297792 
---
